108
100
107
110
126
106
121
107
106
118
116
104
119
103
102
113
105
128
102
105
101
126
127
106
105
114
115
115
117
100
129
106
116
101
111
103
106
112
112
104
107
112
123
102
119
100
104
104
104
104
122
104
127
102
119
125
126
124
126
104
100
119
113
105
105
126
104
123
108
114
121
117
111
111
102
101
103
100
127
129
121
110
100
124
112
112
109
103
114
107
126
102
105
117
107
105
126
128
127
114
128
106
111
116
112
105
128
108
123
123
118
115
101
124
114
118
123
106
113
112
128
115
104
120
103
119
126
103
126
122
102
121
107
123
120
108
127
127
104
115
105
116
103
117
112
119
110
114
102
101
118
122
118
117
101
125
114
107
115
103
121
107
128
128
123
123
109
112
103
127
104
122
104
101
102
123
107
119
114
115
112
121
105
125
105
112
112
112
116
111
126
112
129
104
109
126
104
127
120
109
107
198
149
143
181
195
146
197
173
179
189
129
188
155
175
154
120
140
133
128
180
179
109
161
104
180
174
152
170
193
171
177
109
102
127
132
167
134
164
146
106
154
175
148
146
116
160
177
196
154
163
148
149
173
103
100
167
134
180
199
128
125
151
143
117
127
106
115
188
103
157
173
108
186
178
112
164
123
184
174
112
199
141
180
147
145
109
183
136
120
183
128
101
142
111
160
153
172
151
116
152
189
171
175
199
179
180
154
120
190
115
162
111
142
118
114
120
162
118
153
124
154
164
129
190
166
130
157
132
167
134
150
108
158
150
138
117
165
160
105
153
135
109
167
161
188
115
126
100
175
143
141
195
123
130
103
180
194
144
111
128
147
108
128
119
176
186
199
114
136
198
185
121
142
105
105
139
123
118
128
144
101
165
108
107
187
101
186
129
175
160
175
148
170
185
155
127
148
103
121
192
137
110
115
136
163
164
121
140
198
187
193
134
161
103
124
118
172
161
119
123
193
126
157
184
184
124
153
163
159
110
100
107
130
110
189
185
183
163
131
135
114
147
125
194
103
190
145
139
191
193
167
170
187
151
190
189
140
103
176
180
191
109
135
155
114
159
178
132
195
132
171
136
188
162
186
161
122
139
177
166
111
132
183
183
177
164
147
108
108
172
147
105
110
179
117
147
152
156
108
159
122
174
190
174
173
170
192
192
186
186
165
189
169
166
171
185
158
159
176
154
158
174
154
178
154
162
165
149
144
160
156
162
144
150
162
137
163
154
159
144
150
141
153
141
147
132
128
146
136
142
142
142
143
135
130
143
140
133
127
113
135
132
138
113
132
133
119
130
111
114
118
122
120
124
127
111
118
103
117
115
95
120
101
93
100
110
106
104
92
90
103
91
93
79
87
96
102
84
103
73
101
90
68
50
56
75
67
76
76
67
74
63
65
68
55
56
50
71
76
66
70
59
60
74
79
72
64
78
77
73
70
59
68
56
66
75
65
55
52
73
71
67
70
66
69
78
50
57
53
62
68
64
70
60
78
61
68
70
72
67
52
78
61
66
55
77
73
61
78
52
66
54
53
66
75
54
73
58
79
54
52
75
72
58
73
55
79
56
66
58
76
66
58
68
73
74
57
60
69
64
57
79
52
51
51
76
58
63
51
75
50
72
55
72
65
73
55
67
60
65
55
64
74
52
76
67
52
64
58
65
74
52
50
64
53
78
57
64
63
72
53
64
74
144
114
128
148
128
154
130
151
119
109
124
153
128
130
121
161
141
127
135
125
131
163
124
143
147
165
167
134
154
129
173
152
159
168
142
157
184
167
142
156
188
168
188
183
176
181
179
159
156
155
185